DL_Value:-1660097.6574440002
RL_Value:-11113506.83386612
Agreement:0.6623179611650486
